{
  "advancedEditorSelectedIdentifier" : "ShaderGraphEditorPluginID",
  "openSceneRelativePaths" : [
    "Immersive.usda"
  ],
  "recentIdentifiers" : {
    "AF09ED6F-1707-48FD-8720-65B998362C09" : [

    ]
  },
  "sceneCameraHistory" : {
    "AF09ED6F-1707-48FD-8720-65B998362C09" : [
      {
        "date" : 726215099.775659,
        "title" : "Untitled",
        "transform" : [
          0.9998427,
          1.538032e-10,
          -0.017737452,
          0,
          -0.005105955,
          0.9576716,
          -0.28781766,
          0,
          0.016986653,
          0.28786293,
          0.9575209,
          0,
          0.26132756,
          2.4907389,
          2.3031547,
          1
        ]
      },
      {
        "date" : 726215098.355138,
        "title" : "Untitled",
        "transform" : [
          0.9998427,
          1.538032e-10,
          -0.017737452,
          0,
          -0.005105955,
          0.9576716,
          -0.28781766,
          0,
          0.016986653,
          0.28786293,
          0.9575209,
          0,
          0.211057,
          2.011605,
          1.8601059,
          1
        ]
      },
      {
        "date" : 717120067.865709,
        "title" : "Untitled",
        "transform" : [
          0.9998427,
          1.538032e-10,
          -0.017737452,
          0,
          -0.005105955,
          0.9576716,
          -0.28781766,
          0,
          0.016986653,
          0.28786293,
          0.9575209,
          0,
          0.25385684,
          2.4195342,
          2.237313,
          1
        ]
      },
      {
        "date" : 717070026.376807,
        "title" : "Untitled",
        "transform" : [
          0.9998427,
          1.538032e-10,
          -0.017737452,
          0,
          -0.005105955,
          0.9576716,
          -0.28781766,
          0,
          0.016986653,
          0.28786293,
          0.9575209,
          0,
          0.22032838,
          1.8513445,
          0.34733588,
          1
        ]
      },
      {
        "date" : 717069954.932452,
        "title" : "Untitled",
        "transform" : [
          1,
          0,
          -0,
          0,
          -0,
          0.8660258,
          -0.49999937,
          0,
          0,
          0.49999937,
          0.8660258,
          0,
          0,
          2.128137,
          1.8026867,
          1
        ]
      },
      {
        "date" : 717068424.255092,
        "title" : "Untitled",
        "transform" : [
          1,
          0,
          -0,
          0,
          -0,
          0.8660258,
          -0.49999934,
          0,
          0,
          0.49999934,
          0.8660258,
          0,
          0,
          4.261059,
          5.263032,
          1
        ]
      }
    ],
    "D66134B1-3681-4A8E-AFE5-29F257229F3B" : [
      {
        "date" : 717078784.548798,
        "title" : "Untitled",
        "transform" : [
          0.99999994,
          0,
          -0,
          0,
          -0,
          0.8660254,
          -0.49999988,
          0,
          0,
          0.49999988,
          0.8660254,
          0,
          0,
          0.27122134,
          0.46996918,
          1
        ]
      }
    ]
  },
  "selectedSceneRelativePath" : "Immersive.usda"
}